<?xml version="1.0" encoding="UTF-8"?>
<section xml:id="sec-pca-in-action" xmlns:xi="http://www.w3.org/2001/XInclude">
  <title>Principal Component Analysis</title>
  <p>
    Principal Component Analysis (PCA) is an exploratory method used across many scientific disciplines
    to analyze high-dimensional data. Its goal is to reduce the dimensionality of a dataset while
    preserving as much information as possible. PCA relies on several concepts from linear algebra
    studied previously in this textbook, including Matrices, Eigenvectors and Eigenvalues and
    Diagonalization.
  </p>

  <p>
    The dimension <m>p</m> of a dataset corresponds to the number of variables measured in a study. Each
    of these variables is called a <em>feature</em>. If the experiment is repeated <m>n</m> times, each resulting
    observation is referred to as an <em>instance</em>. When <m>p</m> is large, the resulting data cloud becomes
    difficult or impossible to visualize directly. The goal of PCA is to summarize the information
    contained in the data in a form that is easier to understand and visualize. For example, if the
    number of variables can be reduced to two or three, the data can be represented and visualized
    in a low-dimensional space.
  </p> 
  <p>
    Dimensionality reduction is achieved by transforming a large set of correlated variables
    into a smaller set of uncorrelated ones called principal components. This transformation
    is performed in a way that preserves as much of the variation in the original dataset as possible.
  </p> 
  <p>
    Essentially, PCA consists of finding a new basis for <m>\mathbb R^p</m> such that, when the data are expressed
    in this basis, their projection onto the first few components captures the maximum possible
    variance. The variance of the data quantifies the dispersion of data points around their mean.
    This new basis is given by the eigenvectors of the covariance matrix of the data. Each vector
    in the new basis defines a principal component. The principal components are ordered such that
    just the first few capture most of the variation present in all the original variables.
  </p> 
  <p>
    The following section presents the steps of the PCA algorithm used to construct this basis.
  </p>

  <subsection xml:id="subsec-algorithm">
  <title>Algorithm</title>
    <p>
      The algorithm is described in two stages. First, we present the computation of the principal
      components. We then describe how the original data are projected onto a two-dimensional space
      for visualization.
    </p>
    <subsubsection xml:id="subsubsec-pca-calc"> 
    <title>Calculation of Principal Components</title>
    <ol>
      <li>
        <p>
          Organize the data.
        </p> 
        <p> 
          We organize the data in a matrix <m>A</m> with <m>n</m> rows for the instances and <m>p</m> columns for to the features.
          Write it as a matrix:
        </p> 
        <p>
          <me>A= \begin{bmatrix}
            x_1^1 &amp; x_1^2 &amp; \dots &amp;x_1^p \\
            \vdots &amp; \vdots\\  
            x_n^1 &amp; x_n^2 &amp; \dots &amp; x_n^p
          \end{bmatrix}</me>
        </p>
        <p>
          Each entry <m>x_i^j</m> represents the feature <m>j</m> measured at the instance <m>i</m>.
        </p> 
        <p>
          Each feature <m>j</m> is represented by the vector <m>x^j = (x_1^j, x_2^j, ... x_n^j)</m>.
        </p> 
        <p>
          Each instance <m>i</m> is represented by the vector <m>x_i = (x_i^1, x_i^2, ... x_i^p)</m>.
        </p>
      </li>
      <li>
        <p>
          Find the mean of each feature.
        </p>
        <p>
          Let <m>\bar x</m> be the vector whose components are the means of each of the <m>p</m> features:

          <m>\bar x = (\overline {x^1}, ... , \overline {x^p})</m> 

          where each <m>\overline {x^j} = \frac{1}{n} \bigg ( x^j_1 + x^j_2 + \dots + x^j_n \bigg )</m>.
        </p>
      </li>
      <li>
        <p>
          Center the data.
        </p>
        <p>
          Create a <m>n \times p</m> matrix, <m>X</m>, 
          with rows of mean centered data using the following formula: 
              </p>
              <me>
                X= \begin{bmatrix}
                x_1^1 - \overline{x^1} &amp; x_1^2 - \overline{x^2} &amp; \dots &amp;x_1^p- \overline{x^p} \\
                \vdots &amp; \vdots\\  
                x_n^1- \overline{x^1} &amp; x_n^2- \overline{x^2} &amp; \dots &amp; x_n^p- \overline{x^p}
                \end{bmatrix}
              </me>
      </li>
      <li>
        <p>
          Find the covariance matrix of the centered data.
        </p>
        <p>
          The covariance matrix is a square matrix with variances in the diagonal and covariances in the
          non-diagonal components. The covariance matrix of centered data can be computed with the formula:
          <me>C = \frac{1}{n-1} X^T X</me>. 
        </p>
      </li>
      <li>
        <p>
          Calculate the eigenvectors and the eigenvalues.
        </p>
        <p>
          Since the matrix <m>C</m> is symmetric, it admits a basis of orthonormal eigenvectors.
          Find eigenvectors of <m>C</m> and their associated eigenvalues. Then normalize the eigenvectors. 
        </p>
      </li>
      <li>
        <p>
          Order eigenvectors.
        </p>
        <p>
          Arrange the normalized eigenvectors in a list <m>v_1, v_2, \dots, v_p</m>, ordered by decreasing
          eigenvalues. That is, such that the corresponding eigenvalues satisfy
          <m>\lambda_1 \geq \lambda_2 \geq \dots \geq \lambda_p</m>.
        </p>
      </li>
    </ol>
    <p>
      The principal components are given by the eigenvectors that form our new basis, 
      <m>
        B= \{ v_1, v_2, \cdots, v_p \}
      </m>.
    </p> 
    <p>
      At this stage,
      we have as many principal components as original variables.
      However, the components are now
      ranked according to the amount of variance they explain. To reduce the dimensionality of the
      data, we can retain only the first few principal components, as they capture most of the
      variance present in the original dataset.
    </p>
  </subsubsection>
  <subsubsection xml:id ="subsubsec-pca-visual">
  <title>Two-dimensional Visualization</title>
    <p>
      To obtain a graphical representation of the data in a plot whose axes
      correspond to the first two principal components:
    </p>
        <ol>
          <li>
            <p>
              Express each instance <m>x_i</m> in the new basis:
              <me>
                x_i = a_{i1}v_1 + a_{i2}v_2 + \cdots + a_{in} v_p</me>
                where <m>v_1, v_2, \ldots, v_p</m> are the principal components (eigenvectors), and
                <m>a_{i1}, a_{i2}, \ldots, a_{ip}</m> are the coordinates of <m>x_i</m> in the new basis <m>B</m>.
            </p>
          </li>
          <li>
            <p>
              Project each instance in the basis <m>B</m> onto the first two coordinates:
              <me>
              (a_{i1}, a_{i2})
              </me>
            </p>
          </li>
        </ol>
    <p>
      To perform the first operation, we multiply each data vector by the change-of-basis matrix. To perform the second, we retain only the first
      two coordinates of the resulting vector. These two operations can be combined by multiplying the data by the matrix formed by the first two
      rows of the change-of-basis matrix.
    </p> 
    <p>
      Plotting the resulting vector in a coordinate system whose axes correspond to the first two principal components provides a two-dimensional
      representation of the original data that preserves as much variance as possible.
    </p>
    <p>
      
    </p>
  </subsubsection>
  </subsection>
  <subsection xml:id="subsec-ccc-example">
  <title>City Colleges of Chicago Locations</title>
  <p>
    One important application of PCA is as an exploratory tool for investigating a phenomenon within a population. 
    Researchers begin by selecting a set of variables that they believe may be related to the phenomenon of interest. 
    PCA produces a two-dimensional visualization that facilitates interpretation.
  </p>
  <p>
    If the resulting plot reveals distinct clusters—for example, 
    one cluster containing individuals affected by the phenomenon 
    and another containing the rest of the population—this suggests 
    that the selected variables may be relevant for characterizing 
    or explaining the phenomenon. 
    Conversely, if the data points do not exhibit any meaningful separation, 
    the chosen variables may provide limited insight into the phenomenon under study.
  </p>
  <p>
    Another important aspect of PCA is its ability to summarize the information contained 
    in a dataset through a smaller set of new variables that often capture the most 
    significant patterns of variation in the data and may provide a more informative representation than the original variables.
  </p>
  <p>
    Let's investigate these two aspects using the following example. 
    Our population consists of neighborhoods in Chicago. 
    We know that some neighborhoods have a City Colleges of Chicago (CCC) campus, 
    while others do not. 
    We want to study this phenomenon and determine whether certain neighborhood characteristics 
    (variables) influence the location of City Colleges of Chicago campuses.
  </p>
  <p>
    We consider the following neighborhoods of Chicago as our instances: 
    Dunning, Englewood, Loop, Uptown, Sauganash, Lincoln Park, Hyde Park, and Armour Square.
  </p>
  <p>
    We know that Dunning, Englewood, Loop, and Uptown 
    have a CCC campus whereas Sauganash, Lincoln Park, Hyde Park, and Armour Square do not. 
  </p>
  <p>
    We consider the following four features: number of CTA train stations, 
    average household size (by number of people),
    percentage of foreign born residents,
    and percentage of population below poverty level.
  </p>
  <table xml:id="neighborhood-data-table">
    <tabular halign="center">
      <row header="yes" bottom="minor" >
        <cell>Neighborhood</cell>
        <cell>CTA</cell>
        <cell>Household</cell>
        <cell>Foreign</cell>
        <cell>Poverty</cell>
      </row>
      <row>
        <cell>Dunning</cell>
        <cell>0</cell>
        <cell>6.8</cell>
        <cell>31.9</cell>
        <cell>8.8</cell>
      </row>
      <row>
        <cell>Englewood</cell>
        <cell>4</cell>
        <cell>4.3</cell>
        <cell>4.4</cell>
        <cell>31.6</cell>
      </row>
      <row>
        <cell>Loop</cell>
        <cell>8</cell>
        <cell>1.6</cell>
        <cell>17.1</cell>
        <cell>11.2</cell>
      </row>
      <row>
        <cell>Uptown</cell>
        <cell>3</cell>
        <cell>3.2</cell>
        <cell>21.6</cell>
        <cell>15.3</cell>
      </row>
      <row>
        <cell>Sauganash</cell>
        <cell>0</cell>
        <cell>8.4</cell>
        <cell>20.2</cell>
        <cell>5.9</cell>
      </row>
      <row>
        <cell>Lincoln Park</cell>
        <cell>2</cell>
        <cell>3.6</cell>
        <cell>13.4</cell>
        <cell>8.3</cell>
      </row>
      <row>
        <cell>Hyde Park</cell>
        <cell>0</cell>
        <cell>3.5</cell>
        <cell>21.6</cell>
        <cell>21.7</cell>
      </row>
      <row>
        <cell>Armour Square</cell>
        <cell>2</cell>
        <cell>2.3</cell>
        <cell>35.5</cell>
        <cell>32.3</cell>
      </row>
    </tabular>
  </table>
  <p>
    For the first part of the algorithm, we will calculate the principal components.
  </p>
  <ol>
    <li>
      <p>
        We organize the data in a matrix <m>A</m>:
      </p>
      <sage>
      <input>
        A = matrix(RR, [
            [0, 6.8, 31.9, 8.8],
            [4, 4.3, 4.40, 31.6],
            [8, 1.6, 17.1, 11.2],
            [3, 3.2, 21.6, 15.3],
            [0, 8.4, 20.2, 5.9],
            [2, 3.6, 13.4, 8.3],
            [0, 3.5, 21.6, 21.7],
            [2, 2.3, 35.5, 32.3]
        ])
        A
      </input>
      <output>
        [0.000000000000000  6.80000000000000  31.9000000000000  8.80000000000000]
        [ 4.00000000000000  4.30000000000000  4.40000000000000  31.6000000000000]
        [ 8.00000000000000  1.60000000000000  17.1000000000000  11.2000000000000]
        [ 3.00000000000000  3.20000000000000  21.6000000000000  15.3000000000000]
        [0.000000000000000  8.40000000000000  20.2000000000000  5.90000000000000]
        [ 2.00000000000000  3.60000000000000  13.4000000000000  8.30000000000000]
        [0.000000000000000  3.50000000000000  21.6000000000000  21.7000000000000]
        [ 2.00000000000000  2.30000000000000  35.5000000000000  32.3000000000000]
      </output>
      </sage>
    </li>
    <li>
      <p>
         We find now the mean of each feature, <m>\bar x</m>:
      </p>
      <sage>
      <input>
        n = len(A.rows())
        x_bar = sum(A.rows()) / n
        x_bar
      </input>
      <output>
        (2.37500000000000, 4.21250000000000, 20.7125000000000, 16.8875000000000)
      </output>
      </sage>
    </li>
    <li>
      <p>
      Next, we create a matrix of mean centered data, <m>X</m>:
      </p>
      <sage>
      <input>
        X = A - matrix(RR, [x_bar] * n)
        X
      </input>
      <output>
        [ -2.37500000000000   2.58750000000000   11.1875000000000  -8.08750000000000]
        [  1.62500000000000 0.0875000000000004  -16.3125000000000   14.7125000000000]
        [  5.62500000000000  -2.61250000000000  -3.61250000000000  -5.68750000000000]
        [ 0.625000000000000  -1.01250000000000  0.887499999999999  -1.58750000000000]
        [ -2.37500000000000   4.18750000000000 -0.512500000000003  -10.9875000000000]
        [-0.375000000000000 -0.612499999999999  -7.31250000000000  -8.58750000000000]
        [ -2.37500000000000 -0.712499999999999  0.887499999999999   4.81250000000000]
        [-0.375000000000000  -1.91250000000000   14.7875000000000   15.4125000000000]
      </output>
      </sage>
    </li>
    <li>
      <p>
        We compute the covariance matrix.
      </p>
      <sage>
        <input>
          C = X.transpose() * X / (n-1)
          C
        </input>
        <output>
          [ 7.41071428571429 -4.09107142857143 -10.9339285714286  3.17678571428571]
          [-4.09107142857143  5.23267857142857  1.35410714285714 -10.9755357142857]
          [-10.9339285714286  1.35410714285714  96.8983928571428 -1.53267857142857]
          [ 3.17678571428571 -10.9755357142857 -1.53267857142857  110.272678571429]
        </output>
      </sage>
    </li>
    <li>
      <p>
        We calculate the eigenvectors and eigenvalues by using <c>eigenvectors_right</c>. 
        Recall that the output of <c>eigenvectors_right</c> 
        is a list with elements of the form <m>(e,[v_1,...,v_k],m)</m> 
        where <m>e</m> is the eigenvalue , <m>[v_1,...,v_k]</m> are the corresponding eigenvectors, 
        and <m>m</m> is the algebraic multiplicity of the eigenvalue.
      </p>
      <sage>
        <input>
          E = C.eigenvectors_right()
          E
        </input>
        <output>
          [(1.32968485646507,
            [(-0.605600225353558, -0.791078162359166, -0.0590856991118019, -0.0628696130943475)],
            1),
           (8.72750624379311,
            [(-0.786112548177548, 0.602651823740953, -0.105207729900907, 0.0881429209216655)],
            1),
           (97.9246098278908,
            [(0.113321638494049, -0.00132325399248570, -0.981831031664113, -0.152198161977324)],
            1),
           (111.832663357565,
            [(0.0493318852117437, -0.104901712946067, -0.146451490231229, 0.982402135956294)],
            1)]
        </output>
      </sage>
    </li>
    <li>
      <p>
        We order the eigenvectors by decreasing eigenvalues:
      </p>
      <sage>
        <input>
          E.sort(reverse=True)
          E
        </input>
        <output>
          [(111.832663357565,
            [(0.0493318852117437, -0.104901712946067, -0.146451490231229, 0.982402135956294)],
            1),
           (97.9246098278908,
            [(0.113321638494049, -0.00132325399248570, -0.981831031664113, -0.152198161977324)],
            1),
           (8.72750624379311,
            [(-0.786112548177548, 0.602651823740953, -0.105207729900907, 0.0881429209216655)],
            1),
           (1.32968485646507,
            [(-0.605600225353558, -0.791078162359166, -0.0590856991118019, -0.0628696130943475)],
            1)]
        </output>
      </sage>
    </li>
  </ol>
  <p>
    Since the principal components are the directions of the eigenvectors, 
    we need to retrieve the eigenvectors from the previous list.
  </p>
  <sage>
  <input>
    v1 = E[0][1][0]
    v2 = E[1][1][0]
    v3 = E[2][1][0]
    v4 = E[3][1][0]
    v1, v2, v3, v4
  </input>
  <output>
    ((0.0493318852117437, -0.104901712946067, -0.146451490231229, 0.982402135956294),
     (0.113321638494049, -0.00132325399248570, -0.981831031664113, -0.152198161977324),
     (-0.786112548177548, 0.602651823740953, -0.105207729900907, 0.0881429209216655),
     (-0.605600225353558, -0.791078162359166, -0.0590856991118019, -0.0628696130943475))
  </output>
  </sage>
  <p>
    These four vectors form the new basis of principal components, 
    <m>B = \{v_1, v_2, v_3, v_4\}</m>. 
  </p>
  <p>
    For the second part of the algorithm, 
    we express each point in the original data set
    in the new basis and then project on to the first two coordinates.
  </p>
  <p>
    To achieve that, 
    we will compute the change-of-basis matrix as described in previous sections. 
    Recall that a vector <m>u</m>
    in the standard basis <m>S</m> can be written in a base <m>B</m> 
    by multiplying by that change-of-basis matrix:
  </p>
  <md>
    [u]_B = P_{B \leftarrow S} u
  </md>
  <p>
    This matrix is the inverse of <m>P_{S \leftarrow B}</m> 
    which is just the matrix whose columns are the vectors in the base <m>B</m>.
  </p>
  <p>
    Let's start by finding the matrix <m>V = P_{S \leftarrow B}</m> 
    by writing the eigenvectors as columns:
  </p>
  <sage>
  <input>
    V = column_matrix(RR, [v1, v2, v3,v4])
    V 
  </input>
  <output>
    [  0.0493318852117437    0.113321638494049   -0.786112548177548   -0.605600225353558]
    [  -0.104901712946067 -0.00132325399248570    0.602651823740953   -0.791078162359166]
    [  -0.146451490231229   -0.981831031664113   -0.105207729900907  -0.0590856991118019]
    [   0.982402135956294   -0.152198161977324   0.0881429209216655  -0.0628696130943475]
  </output>
  </sage>
  <p>
    The change of basis matrix <m>C = P_{B \leftarrow S}</m> 
    is just the inverse of this matrix:
  </p>
  <sage>
    <input>
      C = V^-1
      C
    </input>
    <output>
      [  0.0493318852117439   -0.104901712946067   -0.146451490231230    0.982402135956294]
      [   0.113321638494051 -0.00132325399248600   -0.981831031664116   -0.152198161977323]
      [  -0.786112548177549    0.602651823740953   -0.105207729900906   0.0881429209216656]
      [  -0.605600225353559   -0.791078162359167  -0.0590856991118015  -0.0628696130943477]
    </output>
  </sage>
  <p>
    To obtain the coordinates of a vector in the new basis, 
    it suffices to multiply the vector by this matrix. 
    Since we are only interested in the first two coordinates of the result 
    (the first two principal components), 
    we can first remove the remaining rows of the matrix and multiply the vector only by the first two rows. 
    This directly yields the projection of the vector onto the subspace spanned by the first two principal components.
  </p>
  <p>
    Let's start by finding the submatrix formed by the first two rows:
  </p>
  <sage>
    <input>
      M = C.submatrix(0, 0, 2, 4)
      M
    </input>
    <output>
      [  0.0493318852117439   -0.104901712946067   -0.146451490231230    0.982402135956294]
      [   0.113321638494051 -0.00132325399248600   -0.981831031664116   -0.152198161977323]
    </output>
  </sage>
  <p>
    Now we can multiply this matrix by each of the vectors in the original data:
  </p>
  <sage>
    <input>
      N = [M * x for x in X.rows()]
      N
    </input>
    <output>
      [(-9.97219973113425, -10.0258948428796),
       (16.9135667732402, 13.9609351237580),
       (-4.50680856040345, 5.05338286571705),
       (-1.55249367579560, -0.557594639736728),
       (-11.2755262304158, 1.90078569093680),
       (-7.31969897798374, 8.44495601365925),
       (4.55541382480562, -1.87202476807149),
       (13.1577465776870, -16.9045454433832)]
    </output>
  </sage>
  <p>
    We then obtained the coordinates of each data point in the new basis, 
    corresponding to their projections onto the subspace spanned by the first two principal components. 
    We are now ready to visualize these points in the resulting two-dimensional subspace.
  </p>
  <sage>
    <input>
      scatter_plot(N)
    </input>
    <output>
      Graphics object consisting of 1 graphics primitive
    </output>
  </sage>
  <p>
    Finally, we add labels and color (blue meaning with a CCC campus and red meaning without) 
    to each data point to visualize what instance each point represents:
  </p>
  <sage>
    <input>
      p = scatter_plot(N[0:4], facecolor='blue') + scatter_plot(N[4:], facecolor='red')
      l = ["Dunning", "Englewood", "Loop", "Uptown", "Sauganash", "Lincoln Park", "Hyde Park", "Armour Square"] #labels for plot

      for i, txt in enumerate(l):
          p += text(txt, N[i], vertical_alignment="bottom")
          
      p
    </input>
    <output>
      Graphics object consisting of 1 graphics primitive
    </output>
  </sage>
  <p>
    Since the neighborhoods with and without a CCC campus appear to be mixed together, 
    the variables selected may not explain the campus locations very well. 
    You can try using different variables by replacing one of the original variables with another and then repeating the analysis. 
    If the resulting plot shows neighborhoods with and without a campus separating into two distinct clusters, 
    you may have identified a set of variables whose first two principal components do a good job of explaining the locations of the CCC campuses.
  </p>
  <p>
    In terms of data summarization, 
    we can see that the first principal component can be expressed in terms of the original variables as:
  </p>
  <sage>
    <input>
      v1
    </input>
    <output>
      (0.0493318852117437, -0.104901712946067, -0.146451490231229, 0.982402135956294)
    </output>
  </sage>
  <p>
    In this case, most of the weight in the linear combination is assigned to the last variable: 
    the percentage of people living below the poverty line.
  </p>
  <p>
    If we project the data onto the x-axis (the first principal component), 
    we observe that Englewood and Armour Square in the southern part of the city cluster together, 
    while neighborhoods Dunning and Sauganash in the northern part also cluster together. 
    These two groups are located far apart along the first principal component, 
    indicating a strong separation according to this measure.
  </p>
  <sage>
    <input>
      N_x = [(v[0], 0) for v in N] # Create a new version of the transformed data without the y-values
      p = scatter_plot(N_x[0:4], facecolor='blue') + scatter_plot(N_x[4:], facecolor='red')
      l = ["Dunning", "Englewood", "Loop", "Uptown", "Sauganash", "Lincoln Park", "Hyde Park", "Armour Square"] #labels for plot

      for i, txt in enumerate(l):
          p += text(txt, N_x[i], vertical_alignment="bottom")
          
      p
    </input>
    <output>
      Graphics object consisting of 1 graphics primitive
    </output>
  </sage>
  <p>
    Similarly, the second principal component can be expressed in terms of the original variables as:
  </p>
  <sage>
    <input>
      v2
    </input>
    <output>
      (0.113321638494049, -0.00132325399248570, -0.981831031664113, -0.152198161977324)
    </output>
  </sage>
  <p>
    In this case, most of the weight in the linear combination is assigned to the third variable: 
    the percentage of foreign-born residents.
  </p>
  <p>
    If we project the data onto the y-axis (the second principal component), 
    we observe that Englewood and Armour Square are now the farthest apart according to this measure. 
    Englewood has the lowest proportion of foreign born residents, while Armour Square has the highest.
  </p>
  <sage>
    <input>
      N_y = [(0, v[1]) for v in N]
      p = scatter_plot(N_y[0:4], facecolor='blue') + scatter_plot(N_y[4:], facecolor='red')
      l = ["Dunning", "Englewood", "Loop", "Uptown", "Sauganash", "Lincoln Park", "Hyde Park", "Armour Square"] #labels for plot

      for i, txt in enumerate(l):
          p += text(txt, N_y[i], vertical_alignment="bottom")
          
      p
    </input>
    <output>
        Graphics object consisting of 1 graphics primitive
    </output>
  </sage>
  <aside>
    <p>
      This data was gathered from: <url href="https://www.city-data.com/city/Chicago-Illinois.html" visual="city-data.com"/>
    </p>
  </aside>
  </subsection>
  <subsection xml:id="subsec-mice-example">
  <title>Three Mice Strains</title>
  <p>
    We will now consider an example in which the data are already two-dimensional, 
    but PCA demonstrates how cluster structure can be preserved when reducing the data to one dimension. 
    Although the data may be projected onto any axis, 
    the first principal component axis captures the greatest amount of variation and therefore provides the best preservation of the original cluster separation.
  </p>
  <p>
    The following dataset shows three distinct clusters corresponding to different mouse strains.
  </p>
  <table>
      <tabular halign="center">
          <row header="yes" bottom="minor">
              <cell>Mouse ID.</cell>
              <cell>Mouse Length (cm)</cell>
              <cell>Mouse Weight (g)</cell>
          </row>
          <row>
              <cell>1</cell>
              <cell>5.44</cell>
              <cell>35.46</cell>
          </row>
          <row>
              <cell>2</cell>
              <cell>6.35</cell>
              <cell>36.77</cell>
          </row>
          <row>
              <cell>3</cell>
              <cell>6.82</cell>
              <cell>36.49</cell>
          </row>
          <row>
              <cell>4</cell>
              <cell>6.75</cell>
              <cell>34.12</cell>
          </row>
          <row>
              <cell>5</cell>
              <cell>6.21</cell>
              <cell>33.95</cell>
          </row>
          <row>
              <cell>6</cell>
              <cell>6.67</cell>
              <cell>35.71</cell>
          </row>
          <row>
              <cell>7</cell>
              <cell>7.12</cell>
              <cell>33.85</cell>
          </row>
          <row>
              <cell>8</cell>
              <cell>6.39</cell>
              <cell>36.22</cell>
          </row>
          <row>
              <cell>9</cell>
              <cell>9.82</cell>
              <cell>44.71</cell>
          </row>
          <row>
              <cell>10</cell>
              <cell>10.56</cell>
              <cell>46.24</cell>
          </row>
          <row>
              <cell>11</cell>
              <cell>10.35</cell>
              <cell>45.11</cell>
          </row>
          <row>
              <cell>12</cell>
              <cell>9.21</cell>
              <cell>46.35</cell>
          </row>
          <row>
              <cell>13</cell>
              <cell>10.76</cell>
              <cell>44.89</cell>
          </row>
          <row>
              <cell>14</cell>
              <cell>5.34</cell>
              <cell>43.05</cell>
          </row>
          <row>
              <cell>15</cell>
              <cell>7.25</cell>
              <cell>43.44</cell>
          </row>
          <row>
              <cell>16</cell>
              <cell>5.61</cell>
              <cell>43.4</cell>
          </row>
          <row>
              <cell>17</cell>
              <cell>5.05</cell>
              <cell>42.52</cell>
          </row>
          <row>
              <cell>18</cell>
              <cell>5.15</cell>
              <cell>42.16</cell>
          </row>
      </tabular>
  </table>
  <p>
    We organize the data in a matrix:
  </p>
  <sage>
  <input>
  A = matrix(RR, [
      [05.44, 35.46],
      [06.35, 36.77],
      [06.82, 36.49],
      [06.75, 34.12],
      [06.21, 33.95],
      [06.67, 35.71],
      [07.12, 33.85],
      [06.39, 36.22],
      [09.82, 44.71],
      [10.56, 46.24],
      [10.35, 45.11],
      [09.21, 46.35],
      [10.76, 44.89],
      [05.34, 43.05],
      [07.25, 43.44],
      [05.61, 43.40],
      [05.05, 42.52],
      [05.15, 42.16],
      [05.93, 42.46],
      [06.13, 42.00],
      [06.35, 41.75],
      [06.35, 42.67]
  ])
  print(A.str())
  </input>
  <output>
    [(5.44000000000000, 35.4600000000000),
     (6.35000000000000, 36.7700000000000),
     (6.82000000000000, 36.4900000000000),
     (6.75000000000000, 34.1200000000000),
     (6.21000000000000, 33.9500000000000),
     (6.67000000000000, 35.7100000000000),
     (7.12000000000000, 33.8500000000000),
     (6.39000000000000, 36.2200000000000),
     (9.82000000000000, 44.7100000000000),
     (10.5600000000000, 46.2400000000000),
     (10.3500000000000, 45.1100000000000),
     (9.21000000000000, 46.3500000000000),
     (10.7600000000000, 44.8900000000000),
     (5.34000000000000, 43.0500000000000),
     (7.25000000000000, 43.4400000000000),
     (5.61000000000000, 43.4000000000000),
     (5.05000000000000, 42.5200000000000),
     (5.15000000000000, 42.1600000000000),
     (5.93000000000000, 42.4600000000000),
     (6.13000000000000, 42.0000000000000),
     (6.35000000000000, 41.7500000000000),
     (6.35000000000000, 42.6700000000000)]
  </output>
  </sage>
    <p>
      We plot the two-dimensional data using <c>scatter_plot</c> 
      and observe the three clusters corresponding to different mouse strains.
    </p>
    <sage>
    <input>
      scatter_plot(A.rows())
    </input>
    <output>
      Graphics object consisting of 1 graphics primitive
    </output>
    </sage>
    <p>
      If we project the data onto the x-axis, 
      the separation between the clusters is largely lost.
    </p>
    <sage>
    <input>
      P_x = matrix(RR, [[1,0],[0,0]]) # Projection mapping matrix
      scatter_plot([P_x * x_i for x_i in A.rows()], )
    </input>
    <output>
      Graphics object consisting of 1 graphics primitive
    </output>
    </sage>
    <p>
      However, if we first apply PCA and then project the data onto the first principal component, the cluster structure is preserved, and the three groups remain clearly separated.
      Let's apply first PCA to the dataset:
    </p>
    <sage>
      <input>
        n = len(A.rows())
        x_bar = sum(A.rows()) / n
        X = A - matrix(RR, [x_bar] * n)
        C = X.transpose() * X / (n-1)
        E = C.eigenvectors_right()
        E.sort(reverse=true)
        v1 = E[0][1][0]
        v2 = E[1][1][0]
        V = column_matrix(RR, [v1, v2])
        C = V^-1
        M = matrix(RR, [C.row(0), (0,0)])
        N = [M * x for x in A]
        scatter_plot(N)
      </input>
      <output>
        Graphics object consisting of 1 graphics primitive
      </output>
    </sage>
    <p>
      We observe that the projection onto the first principal component retains most of the variation of the data showing the three original clusters.
    </p>
</subsection>
</section>
